degree:
2

time-points:
[[0. ]
 [0.5]
 [1. ]
 [1.5]
 [2. ]]

number of groups:
1

beta:
[0.21440868 0.02936737 0.72119548]

R:
[[0.94539251 0.80636306 0.07280901 0.71793451 0.92174043]
 [0.80636306 1.60299413 0.97193595 1.48856414 1.26307947]
 [0.07280901 0.97193595 1.51990652 0.95461553 1.12335864]
 [0.71793451 1.48856414 0.95461553 1.6727859  1.3902127 ]
 [0.92174043 1.26307947 1.12335864 1.3902127  1.89667062]]

D:
[[0.88490614 0.45960156 0.50508231]
 [0.45960156 0.26783193 0.27796032]
 [0.50508231 0.27796032 0.30096137]]
